,a00_cle_idweb,g04_01_date_publication,g04_03_date_fin_diffusion,g04_07_dep_publication,g04_09_resume_objet,g01_02_01_famille,g01_02_02_perimetre,g01_02_03_nature,g01_02_04_statut,d01_01_denomination,d01_07_cp,d01_08_ville,d08_09_decision_titulaireandRENSEIGNEMENT,g04_052_descripteurs_libelles,g04_051_descripteurs_codes,g04_061_criteres_sociaux,g04_062_criteres_environnementaux
0,20-104834,2020-08-24,2020-09-24,['1'],fourniture et livraison de repas en liaison froide pour les structures de la direction de la petite enfance,fns,cmp2006,attribution,initial,CC DE LA VEYLE,01290,Pont de Veyle,,"['Restauration collective', 'Repas, traiteur']","[66, 304]",non,non
1,20-105092,2020-08-24,2020-09-23,['2'],"Maintenance et dépannage des ascenseurs, monte-charges et élévateurs de personnes à mobilité réduite des bâtiments des communes de Soissons et de GrandSoissons Agglomération (02)",fns,cmp2006,appeloffre,initial,Mairie de Soissons,02200,SOISSONS,,['Maintenance'],[196],non,non
2,20-104645,2020-08-24,2020-09-11,"['3', '18', '63', '23', '58']",Fourniture de denrées alimentaires du groupement de commandes du département de l'Allier.,joue,directive24,appeloffre,initial,LYCEE POLYVALENT PAUL CONSTANS,03107,Montluçon cedex,,"['Abris', 'Denrées alimentaires', 'Surgelés']","[1, 88, 330]",oui,oui
3,20-102076,2020-08-24,2020-09-30,"['3', '63']",sonorisation et distribution vidéo de la salle du conseil de la communauté d'agglomération de vichy communauté,fns,cmp2006,appeloffre,initial,Vichy Communauté,03209,Vichy Cedex,,"['Audiovisuel', 'Sonorisation']","[22, 324]",non,non
4,20-105067,2020-08-24,2020-09-28,['5'],Accord-cadre à marchés subséquents multi-attributaire pour les maîtrises d'oeuvre - MAPA,fns,cmp2006,appeloffre,initial,Ville de Gap,05007,GAP,,"[""Maîtrise d'oeuvre""]",[197],non,non
5,20-104921,2020-08-24,2020-10-24,['6'],20V0511 - Acquisition de canons lanceurs de confettis et serpentins.,fns,cmp2006,attribution,initial,COMMUNE DE NICE,06364,Nice cedex 4,"[('2020-08-19', 'SARL FRANCE FESTIVITES', (17100, 'EUR'), None)]",['Evénementiel'],[445],non,non
6,20-104678,2020-08-24,2020-10-20,['6'],Travaux de réfection en gazon synthétique du terrain no2 - Stade de la Fontonne,fns,cmp2006,attribution,initial,Ville d'Antibes Juan-les-Pins,06606,Antibes cedex,"[('2020-08-21', 'Groupement POLYTAN FRANCE (mandataire) et PARCS ET SPORTS SUD', (424868, 'EUR'), None)]",['Terrain de sport'],[342],non,non
7,20-104721,2020-08-24,2020-09-27,"['8', '51']",Marché public pour la réalisation d'études géotechniques de la digue du port de Givet (08600).,fns,cmp2006,appeloffre,initial,COM COMMUNES ARDENNE RIVES de MEUSE,08600,Givet,,['Etude'],[118],non,non
8,20-104750,2020-08-24,2020-09-22,['11'],"Acquisition d'un camion PTAC 13.5 T mini, 4X4 et ses équipements hivernaux",fns,cmp2006,appeloffre,initial,Département de l'Aude,11000,CARCASSONNE,,['Véhicules'],[359],non,non
9,20-104975,2020-08-24,2020-09-25,['11'],TRAVAUX DE CONFORTATION DE LA TOUR THEODARD DU PALAIS DES ARCHEVÊQUES,fns,cmp2006,appeloffre,initial,COMMUNE DE NARBONNE,11108,NARBONNE CEDEX,,"['Couverture', 'Electricité (travaux)', 'Maçonnerie', 'Monuments historiques', ""Tous corps d'état""]","[74, 105, 195, 236, 345]",non,non
10,20-105053,2020-08-24,2020-11-23,['12'],Rénovation de la chaufferie sarrus à rodez-remplacement de la chaudière gaz,fns,cmp2006,attribution,initial,Conseil Départemental de l AVEYRON,12450,Flavin,"[('2020-07-27', 'FERREIRA CONSTRUCTION SARL', (43101, 'EUR'), None), ('2020-07-27', 'SAS AGV FLOTTES ELECTRICITE', (36502.99, 'EUR'), None), ('2020-07-28', 'SAS THERMATIC', (399782.26, 'EUR'), None)]","['Chauffage (matériel)', 'Chauffage (travaux)', 'Démolition', 'Electricité (travaux)', 'Gros oeuvre']","[60, 61, 87, 105, 144]",non,non
11,20-105029,2020-08-24,2020-09-18,['13'],Maintenance préventive et corrective des ascenseurs et monte-charges du SDIS13,fns,cmp2006,appeloffre,initial,SDIS des Bouches-du-Rhône,13015,MARSEILLE,,"['Maintenance', 'Prestations de services']","[196, 274]",non,non
12,20-105069,2020-08-24,2020-09-21,['13'],ACCORD CADRE DIAGNOSTIC TECHNIQUE DES IMMEUBLES DE LA VILLE D'AIX EN PROVENCE DESTINÉS A LA VENTE OU A LA LOCATION,fns,cmp2006,appeloffre,initial,COMMUNE D AIX EN PROVENCE,13100,Aix-en-Provence,,"['Prestations de services', 'Amiante (diagnostic)']","[274, 431]",non,non
13,20-104894,2020-08-24,2020-09-28,['13'],reconversion de l'ancien bureau de poste en logement - RECONSULTATION DU LOT N°1,mapa,cmp2006,appeloffre,initial,MAIRIE DE SAINT ETIENNE DU GRES,13103,Saint-Etienne du Grès,,"['Cloison, faux plafond', 'Démolition', 'Gros oeuvre', 'Revêtements de sols', 'Revêtements muraux']","[63, 87, 144, 308, 309]",non,non
14,20-100193,2020-08-24,2020-10-05,['13'],marché de fouille archéologique préventive sur le site bel ombre - commune de bouc bel air (13),fns,cmp2006,appeloffre,initial,ETS PUB FONCIER P A C A,13207,Marseille,,['Fouille archéologique'],[450],non,non
15,20-104711,2020-08-24,2020-09-25,['13'],FOURNITURE DE RÉACTIFS D'IMMUNO-SÉROLOGIE POUR LA RECHERCHE DE SYPHILIS POUR LE LDA 13,fns,cmp2006,appeloffre,initial,CONSEIL DEPARTEMENTAL 13,13256,Marseille cedex 20,,['Laboratoire (fourniture)'],[181],non,non
16,20-104838,2020-08-24,2020-10-24,['13'],"La présente consultation concerne la relance, en lot unique, du marché de travaux relatif à l'aménagement du carrefour de la Pierre Plantée sur la commune de Plan-d'Orgon. Suite à la déclara",fns,cmp2006,attribution,initial,CONSEIL DEPARTEMENTAL 13,13256,Marseille cedex 20,"[('2020-07-10', 'COLAS MIDI MEDITERRANEE', (647550, 'EUR'), None)]","[""Ouvrage d'infrastructure"", 'Voirie']","[253, 365]",oui,non
17,20-104804,2020-08-24,2020-09-04,['13'],"FOURNITURE, POSE ET MISE EN SERVICE DES EQUIPEMENTS ALIMENTAIRES ET D'HYGIENE CAMPUS AVIGNON, DIGNE, LES ARCS, LE BEAUSSET, ST MAXIMIN",fns,cmp2006,attribution,initial,CMAR PACA,13295,Marseille Cedex 8,"[('2020-07-24', 'FREGONARA SA', (15622.98, 'EUR'), None), ('2020-07-24', 'FREGONARA SA', (32782.65, 'EUR'), None), ('2020-07-24', 'BIRALUX', (20280, 'EUR'), None), ('2020-07-24', 'FREGONARA SA', (8160.5, 'EUR'), None), ('2020-07-24', 'BIRALUX DISTRIBUTION', (700, 'EUR'), None)]",['Cuisine (équipement)'],[77],non,non
18,20-104957,2020-08-24,2020-11-21,['13'],Numéro de la consultation : 2020-0351 MAINTENANCE DES EQUIPEMENTS DE RESTAURATION DU CENTRE HOSPITALIER DE MARTIGUES,fns,cmp2006,attribution,initial,APHM pour le compte du CH Martigues,13698,MARTIGUES,"[('2020-08-18', 'MFCI', (50000, 'EUR'), None), ('2020-08-18', 'MFCI', (20000, 'EUR'), None)]",['Maintenance'],[196],non,oui
19,20-104847,2020-08-24,2020-09-30,['14'],fournitures de lits d'hébergement à hauteur variable et matelas,fns,cmp2006,appeloffre,initial,EHPAD Laurence de la PIERRE,14110,Condé en Normandie,,"['Literie', 'Mobilier']","[183, 230]",non,non
20,20-104806,2020-08-24,2020-09-25,['16'],Accord-Cadre travaux pour l'entretien et petits aménagements du patrimoine immobilier du SMPI-MAGELIS,fns,cmp2006,appeloffre,initial,Syndicat Mixte du Pôle Image MAGELIS,16000,ANGOULÊME,,['Menuiserie'],[222],non,non
21,20-104932,2020-08-24,2020-10-24,['17'],"pose d'un abri en toile tendue dans la cour du collège "" maurice calmel "" à marans",mapa,cmp2006,attribution,initial,Cons. Départ. de la Charente-Maritime,17076,La Rochelle Cedex 9,,"['Abris', 'Terrassement']","[1, 341]",non,non
22,20-104939,2020-08-24,2020-10-24,['17'],prestation d'expertise novell et microsoft,fns,cmp2006,attribution,initial,Cons. Départ. de la Charente-Maritime,17076,La Rochelle cedex 9,"[('2020-08-14', 'AIS', (214000, 'EUR'), None)]",['Informatique (prestations de services)'],[163],non,non
23,20-103601,2020-08-24,2020-09-30,['17'],maîtrise d'oeuvre pour la rénovation de la salle de session du département de la charente-maritime,fns,cmp2006,appeloffre,initial,Cons. Départ. de la Charente-Maritime,17076,La Rochelle cedex 9,,"[""Maîtrise d'oeuvre""]",[197],non,non
24,20-105012,2020-08-24,2020-09-14,['17'],GYMNASE PAS DES LAQUAIS : REFECTION DU SOL SPORTIF,mapa,cmp2006,appeloffre,initial,VILLE LA ROCHELLE,17086,La Rochelle,,['Revêtements de sols'],[308],non,non
25,20-105070,2020-08-24,2020-09-22,['21'],Animation Place de la République avec une grande roue et une patinoire en glace - Ville de Dijon,fns,cmp2006,appeloffre,initial,COMMUNE DE DIJON,21033,Dijon,,['Evénementiel'],[445],non,non
26,20-104748,2020-08-24,2020-09-14,['21'],TRAVAUX DE CARRELAGE DANS LES HALLS DE LA SALLE DES SPORTS SAINT-NICOLAS A MEURSAULT,fns,cmp2006,appeloffre,initial,BEAUNE COTE SUD COM BEAUNE CHAGNY NOLA,21208,Beaune cedex,,['Carrelage'],[53],non,non
27,20-104685,2020-08-24,2020-09-17,['22'],"Prestations d'expertise, de paramétrage et de développements d'évolutions sur geotrek-admin (rectificatif)",mapa,cmp2006,appeloffre,rectificatif,Département des Côtes d'Armor,22023,Saint-Brieuc,,"['Informatique (prestations de services)', 'Informatique (assistance)']","[163, 453]",non,non
28,20-103976,2020-08-24,2020-09-23,['22'],Viabilisation de la ZAC du Liffré- Lots 1 et 2,fns,cmp2006,appeloffre,initial,Ville de Lamballe-Armor,22402,Lamballe-Armor Cedex,,"['Réseaux divers', 'Terrassement', 'Travaux de viabilité', 'Voirie']","[306, 341, 353, 365]",non,non
29,20-104948,2020-08-24,2020-09-18,['24'],Restauration morpho-écologique des bras de Champagne et de Chambon vis-à-vis de leur sensibilité aux phénomènes d'éclusées,mapa,cmp2006,appeloffre,initial,EPTB de la Dordogne - EPIDOR,24250,CASTELNAUD LA CHAPELLE,,"[""Travaux dans l'eau""]",[349],non,non
30,20-104790,2020-08-24,2020-09-25,"['25', '21', '39', '58', '70', '71', '89', '90']",Réfection de la passerelle entre les sites Challuy et Plagny - LEGTA de CHALLUY 58 (rectificatif),fns,cmp2006,appeloffre,rectificatif,REGION BOURGOGNE FRANCHE COMTE,25031,Besançon cedex,,"['Bois', 'Electricité (travaux)', 'Serrurerie']","[38, 105, 321]",non,non
31,20-104742,2020-08-24,2020-09-11,['25'],réfection et réaménagement du pont de velotte à besançon,fns,cmp2006,appeloffre,rectificatif,Grand Besançon Métropole,25043,Besançon,,"[""Ouvrage d'infrastructure""]",[253],non,non
32,20-104941,2020-08-24,2020-09-25,['27'],"Travaux de signalisations Horizontales, Verticales et Plastiques",fns,cmp2006,attribution,initial,CA EVREUX PORTES DE NORMANDIE,27004,EVREUX CEDEX,"[('2020-08-21', 'LA SIGNALISATION ROUTIERE', (2000000.0, 'EUR'), None), ('2020-08-21', 'LA SIGNALISATION ROUTIERE', (1200000.0, 'EUR'), None), ('2020-08-21', 'LA SIGNALISATION ROUTIERE', (800000.0, 'EUR'), None)]",['Signalisation'],[322],non,non
33,20-104942,2020-08-24,2020-09-23,['28'],Fourniture de grappins et de pièces détachées pour la manutention des déchets à l'UVE de Chartres métropole,fns,cmp2006,appeloffre,initial,CHARTRES METROPOLE TRAITEMENT VALORISA,28000,Chartres,,['Manutention'],[237],non,non
34,20-105071,2020-08-24,2020-09-29,['28'],Numéro de la consultation : MAPA 2020.025 MODERNISATION DU SYSTEME DE VIDEO SURVEILLANCE DU SITE LOUIS PASTEUR AU CH DE CHARTRES,fns,cmp2006,appeloffre,initial,CENTRE HOSPITALIER GENERAL DE CHARTRES,28018,Chartres,,['Surveillance'],[331],non,non
35,20-104193,2020-08-24,2020-09-25,['29'],Souscription des contrats d'assurance 'dommages ouvrage et garanties diverses' applicables à l'opération de construction suivante : construction d'un pôle associatif et social,mapa,cmp2006,appeloffre,initial,Commune de PLABENNEC,29860,Plabennec,,['Assurance'],[20],non,non
36,20-103846,2020-08-24,2020-09-22,['29'],étude de centralité du centre-bourg de guissény,mapa,cmp2006,appeloffre,initial,GUISSENY,29880,Guisseny,,['Etude'],[118],non,non
37,20-104877,2020-08-24,2020-10-01,['30'],Marché pour la fourniture d'une benne à ordures ménagères 11m3/PTAC 16 tonnes max. sous contrat de location longue durée pour le service de collecte des ordures ménagères.,mapa,cmp2006,appeloffre,initial,COM COMMUNES CAUSSES AIGOUAL CEVENNES,30570,Val-d'aigoual,,['Benne'],[34],non,non
38,20-104908,2020-08-24,2020-09-26,['30'],Marché de travaux pour l'aménagement de deux bassins de rétention - ZAC des Rompudes à Aramon,fns,cmp2006,appeloffre,initial,SEGARD,30904,Nîmes cedex 09,,['Canalisations'],[48],non,non
39,20-104816,2020-08-24,2020-10-24,"['31', '9', '81', '82']",Mise en oeuvre de protections solaires sur les façades du bâtiment Poincaré de la Météopole,fns,cmp2006,appeloffre,initial,METEO FRANCE,31057,Toulouse cedex 1,,"[""Tous corps d'état""]",[345],non,non
40,20-105082,2020-08-24,2020-09-21,"['17', '33', '16']",Travaux d'aménagement des locaux de nuit des agents et du SPIP de la Maison Centrale de St Martin de Ré,fns,cmp2006,appeloffre,initial,DISP BORDEAUX,33062,Bordeaux cedex,,"[""Tous corps d'état""]",[345],non,non
41,20-105045,2020-08-24,2020-09-16,['86'],POITIERS (86) -13 CMA-107ème ANTENNE MEDICALE-MISE AUX NORMES SANITAIRES,mapa,cmp2006,appeloffre,initial,MINDEF/SGA/DCSID/ESID Bordeaux,33068,Bordeaux cedex,,['Bâtiment'],[33],non,non
42,20-105058,2020-08-24,2020-09-19,['33'],Fourniture de documents pour la Médiathèque de Gradignan,fns,cmp2006,appeloffre,initial,Ville de Gradignan,33173,Gradignan cedex,,"['Cd, DVD']",[45],non,non
43,20-104985,2020-08-24,2020-10-18,['33'],Délégation de service public balnéaire de type club de plage,dsp,autre,attribution,initial,Ville d'Arcachon,33311,ARCACHON Cedex,,"['Plage', 'Délégation de service public']","[289, 406]",non,non
44,20-104969,2020-08-24,2020-09-28,['33'],Maîtrise d'oeuvre pour l'aménagement du boulevard de la Plage entre l'avenue Gambetta et place de l'Aiguillon,fns,cmp2006,appeloffre,initial,Ville d'Arcachon,33311,ARCACHON Cedex,,"[""Maîtrise d'oeuvre"", 'Ingénierie']","[197, 455]",non,non
45,20-104399,2020-08-24,2020-09-18,['33'],mise en place d'une solution audiovisuelle pour l'enregistrement et la diffusion des conseils municipaux,mapa,cmp2006,appeloffre,initial,Commune de Blaye,33390,Blaye,,"['Audiovisuel', 'Matériel de transmission', 'Sonorisation']","[22, 210, 324]",non,non
46,20-104889,2020-08-24,2020-09-14,['33'],Organisation d'un séjour de vacances d'hiver - année 2021,fns,cmp2006,appeloffre,initial,Mairie de Talence,33401,Talence cedex,,['Voyage'],[367],non,non
47,20-105089,2020-08-24,2020-10-24,['34'],"Le présent marché a pour objet la réalisation de formations en matière de Développement des capacités d'expression orale et relationnelle relevant de la sous-spécialité T2H, organisées pour le co",fns,cmp2006,attribution,initial,CNFPT Délégation Languedoc-Roussillon,34000,Montpellier,,['Formation'],[410],non,oui
48,20-104897,2020-08-24,2020-09-16,['34'],"Fourniture et pose de signalisation directionnelle pour les chemins de promenades et randonnées (PR), le réseau vert (RV), la voie verte (VV), les pistes DFCI",fns,cmp2006,appeloffre,initial,Conseil départemental de l'Hérault,34087,MONTPELLIER,,['Signalétique'],[333],non,non
49,20-105106,2020-08-24,2020-10-09,"['28', '27', '61', '72', '41', '45', '37']",Travaux de construction d'un hangar au profit de l'Unité d'Intervention et d'Instruction de la Sécurité Civile no1 (UIISC1) à Nogent le Rotrou (28),fns,cmp2006,appeloffre,initial,SEC GAL POUR L ADM MIN INTERIEUR OUEST,35207,Rennes cedex 2,,"['Abris', 'Bardage', 'Charpente', 'Couverture', 'Terrassement']","[1, 30, 57, 74, 341]",oui,oui
50,20-104913,2020-08-24,2020-09-23,['35'],Maîtrise d'oeuvre pour la réalisation de l'opération de construction du Pôle NS1 Module 1 sur le site du Rheu (35).,fns,cmp2006,appeloffre,initial,INRA,35653,Le rheu,,"[""Maîtrise d'oeuvre""]",[197],non,non
51,20-104773,2020-08-24,2020-09-17,"['22', '29', '35', '56']",port de saint-maloprojet de modernisation du terminal ferry du nayeaccord-cadre pour des missions d'assistance à maitrise d'ouvrage en matière d'assurance,fns,cmp2006,appeloffre,initial,Région Bretagne,35711,Rennes cedex,,['Assurance'],[20],non,non
52,20-104789,2020-08-24,2020-10-06,['35'],Saint-jacques-de-la-lande (35) - La Maltière - Prérequis infra pour mess provisoire - 455572,fns,cmp2006,appeloffre,initial,ESID de Rennes,35998,Rennes cedex 9,,"[""Tous corps d'état""]",[345],non,non
53,20-104755,2020-08-24,2020-09-09,['37'],Marché de maitrise d'oeuvre pour la réhabilitation du château de la borde,fns,cmp2006,appeloffre,initial,Ville de Joué Les Tours,37301,Joué-lès-tours cédex,,"[""Assistance à maîtrise d'ouvrage""]",[433],non,non
54,20-104734,2020-08-24,2020-09-17,['39'],REAMENAGEMENT DE 4 LOGEMENTS DANS BATIMENT EXISTANT 79 AVENUE DE LA REPUBLIQUE 39300 CHAMPAGNOLE,fns,cmp2006,appeloffre,initial,Office Public Habitat du Jura (OPH 39),39007,LONS LE SAUNIER CEDEX,,"['Chauffage (travaux)', 'Couverture', 'Electricité (travaux)', 'Maçonnerie', 'Menuiserie', 'Peinture (travaux)', 'Plomberie (travaux)', 'Revêtements de sols', ""Tous corps d'état""]","[61, 74, 105, 195, 222, 264, 270, 308, 345]",non,non
55,20-104924,2020-08-24,2020-10-02,['39'],mise à disposition de personnel intérimaire,fns,cmp2006,appeloffre,initial,SICTOM de la zone de Dole,39100,Brevans,,"['Prestations de services', 'Mise à disposition de personnel']","[274, 461]",non,non
56,20-105018,2020-08-24,2020-10-07,['39'],Délégation par affermage de l'exploitation du camping ' Le Martinet '(Concession de service au sens de la Commande Publique),dsp,dsp,appeloffre,initial,Ville de Saint-Claude,39200,Saint Claude,,['Délégation de service public'],[406],non,non
57,20-104732,2020-08-24,2020-09-14,['40'],travaux d'amélioration de 2 logements avenue adour chalosse à poyanne ( lots 4 et 11),fns,cmp2006,appeloffre,initial,O.P.D.H.L.M. des Landes,40011,Mont De Marsan Cedex,,"['Carrelage', 'Menuiserie']","[53, 222]",non,non
58,20-105096,2020-08-24,2020-09-25,['40'],Prestations d'audit sur deux structures associatives : Groupement d'Employeurs Sport et Loisirs Landes (GESL) et Association 'Profession Sport et Loisirs Landes' (PSL),mapa,cmp2006,appeloffre,initial,Conseil Général des Landes,40025,Mont-de-Marsan Cedex,,['Audit'],[21],non,non
59,20-105097,2020-08-24,2020-09-23,['40'],Prestations d'audit sur une structure associative FFH,mapa,cmp2006,appeloffre,initial,Conseil Général des Landes,40025,Mont-de-Marsan Cedex,,['Audit'],[21],non,non
60,20-105094,2020-08-24,2020-09-23,['40'],Prestations d'audit sur une structure associative ALPCD,mapa,cmp2006,appeloffre,initial,Conseil Général des Landes,40025,Mont-de-Marsan Cedex,,['Audit'],[21],non,non
61,20-104862,2020-08-24,2020-10-24,"['40', '33', '64']","L'objet du présent contrat est l'élaboration d'une charte architecturale, paysagère et environnementale. Cette mission de décompose en deux grandes parties : - Tranche no 1 : L'é",fns,cmp2006,appeloffre,initial,Mairie seignosse,40510,Seignosse,,"[""Maîtrise d'oeuvre""]",[197],non,non
62,20-104936,2020-08-24,2020-09-24,['41'],"prestations de maîtrise d'oeuvre, d'ordonnancement, de pilotage, de coordination et d'ingénierie pour le projet 'construction d'un cattp à vendôme'",mapa,cmp2006,attribution,initial,Centre Hospitalier de Blois,41016,Blois,,"['Etude', ""Maîtrise d'oeuvre"", ""Mission d'ordonnancement, pilotage, coordination (OPC)"", 'Ingénierie']","[118, 197, 234, 455]",non,non
63,20-104968,2020-08-24,2020-10-24,['41'],réfection du local haute tension au centre hospitalier de vendôme,fns,cmp2006,attribution,initial,Centre Hospitalier de Blois,41016,Blois,,"['Câblage', 'Electricité (travaux)', 'Gros oeuvre', 'Maçonnerie', 'Menuiserie', 'Peinture (travaux)']","[47, 105, 144, 195, 222, 264]",non,non
64,20-104904,2020-08-24,2020-10-05,['41'],mission d'accompagnement à l'élaboration du nouveau projet d'établissement du centre hospitalier simone veil de blois,mapa,cmp2006,appeloffre,initial,Centre Hospitalier de Blois,41016,Blois Cedex,,"['Audit', 'Etude', 'Prestations de services']","[21, 118, 274]",non,non
65,20-105105,2020-08-24,2020-09-15,['42'],Travaux d'installation de disconnecteurs sur les branchements d'eau potable des stations d'épuration du Territoire de Saint-Etienne Métropole,fns,cmp2006,appeloffre,initial,Saint Etienne Métropole,42006,Saint Etienne,,['Assainissement'],[18],non,non
66,20-105079,2020-08-24,2020-11-21,['42'],Prestations de coaching,fns,cmp2006,attribution,initial,Saint Etienne Métropole,42006,Saint Etienne,,['Formation'],[410],non,non
67,20-105101,2020-08-24,2020-09-11,['43'],Numéro de la consultation : 2020-SR-0020 ROUTE DEPARTEMENTALE N°49 - REPARATION DEGATS D'ORAGE,fns,cmp2006,appeloffre,initial,DEPARTEMENT DE LA HAUTE LOIRE,43009,LE PUY EN VELAY Cedex,,['Terrassement'],[341],non,non
68,20-104893,2020-08-24,2020-09-11,['44'],"acquisition de stores, de pièces détachées et de produits dérivéspour le secteur maintenance générale du pôle maintenance et ateliers de la ville de nantes",mapa,cmp2006,appeloffre,initial,Ville de Nantes,44094,Nantes cedex 1,,"['Pièces détachées', 'Occultation']","[266, 414]",non,non
69,20-104699,2020-08-24,2020-11-21,['44'],Surveillance de la qualité de l'air intérieur dans certains ERP communaux de la Ville de Saint-Nazaire,mapa,cmp2006,attribution,initial,COMMUNE DE SAINT NAZAIRE,44600,Saint Nazaire,,['Amiante (diagnostic)'],[431],non,non
70,20-104729,2020-08-24,2020-10-30,['53'],Le marché a pour objet une mission de contrôle technique relative à la restructuration-extension du bâtiment A0 au lycée DOUANIER ROUSSEAU à LAVAL (53).Le contrôle technique comprend les missions ..,fns,cmp2006,appeloffre,initial,Conseil régional des Pays de la Loire,44966,Nantes cedex 9,,['Contrôle technique'],[72],non,non
71,20-104736,2020-08-24,2020-10-30,['53'],Le marché a pour objet une mission de coordination sécurité et protection de la santé relative à la restructuration-extension du bâtiment A0 au lycée DOUANIER ROUSSEAU à LAVAL (53).Le coordonnateu..,fns,cmp2006,appeloffre,initial,Conseil régional des Pays de la Loire,44966,Nantes cedex 9,,['Assistance technique'],[19],non,non
72,20-104762,2020-08-24,2020-09-24,['44'],Mission SPS pour les travaux de restructuration et extension des bâtiments du CFP ANGERS (49) et reconstruction de la Délégation et séparation des circuits sur les bâtiments PODELIHA,mapa,cmp2006,appeloffre,initial,CMAR Pays de La Loire,44985,Sainte Luce sur Loire cédex,,['Assistance technique'],[19],non,non
73,20-104763,2020-08-24,2020-09-24,['44'],Mission de contrôle technique pour les travaux de restructuration et extension des bâtiments du CFP ANGERS (49) et reconstruction de la Délégation et séparation des circuits sur les bâtiments PODELIHA,mapa,cmp2006,appeloffre,initial,CMAR Pays de La Loire,44985,Sainte Luce sur Loire Cedex,,['Contrôle technique'],[72],non,non
74,20-104768,2020-08-24,2020-09-18,['44'],CMA Pays de la Loire construction bâtiment formation et administration 6 bd Patureaux 44 STE LUCE S/LOIRENOUVELLE PROCEDURE FAIT SUITE A DECLARATION DE PROCEDURE INFRUCTUEUSE LOTS 2 - 5 - 6 - 8 - 9,fns,cmp2006,appeloffre,initial,CMAR Pays de La Loire,44985,Sainte Luce sur Loire Cedex,,"['Bardage', 'Bâtiment', 'Cloison, faux plafond', 'Isolation', 'Métallerie', ""Tous corps d'état""]","[30, 33, 63, 169, 223, 345]",non,non
75,20-105007,2020-08-24,2020-09-25,['45'],Fourniture de bouteilles d'air,fns,cmp2006,appeloffre,initial,SDIS du Loiret,45404,Fleury les Aubrais,,"[""Matériel de secours et d'incendie""]",[217],non,non
76,20-104855,2020-08-24,2020-09-03,['45'],Diagnostics de performances énergétiques sur les bâtiments du Loiret,fns,cmp2006,appeloffre,rectificatif,Département du Loiret,45945,Orléans,,"['Audit', 'Contrôle technique', 'Prestations de services']","[21, 72, 274]",non,non
77,20-98114,2020-08-24,2020-09-21,['51'],"etude de gestion patrimoniale, schéma de gestion d'eau potable et élaboration du plan de gestion de la sécurité sanitaire des eaux",fns,cmp2006,appeloffre,initial,COM DE COMMUNES VITRY CHAMPAGNE DER,51308,Vitry-le-françois cedex,,"['Alimentation en eau potable', 'Etude']","[6, 118]",non,non
78,20-105040,2020-08-24,2020-09-17,['51'],Fourniture de pièces de rechange pour système de transfert de boues SCHWING pour la STEP de REIMS,fns,cmp2006,appeloffre,initial,Communauté urbaine du Grand Reims,51722,Reims cedex,,"['Equipement industriel', ""Station d'épuration (travaux)""]","[112, 328]",non,non
79,20-105059,2020-08-24,2020-09-26,"['51', '8', '10', '52']",Travaux de réaménagement de plusieurs Unités de Recherche au sein du Bâtiment A du Pôle Santé de Reims,fns,cmp2006,appeloffre,rectificatif,Université de Reims Champagne Ardenne,51724,Reims cedex,,"['Climatisation', 'Maçonnerie', 'Plomberie (travaux)']","[62, 195, 270]",non,non
80,20-104989,2020-08-24,2020-09-23,['54'],Travaux Voirie et Réseaux Divers 2020 - Lunéville,fns,cmp2006,appeloffre,initial,VILLEDE LUNEVILLE,54300,LUNEVILLE,,"['Eclairage public', 'Voirie', 'Voirie et réseaux divers']","[102, 365, 366]",oui,non
81,20-104988,2020-08-24,2020-09-10,['54'],Réfection toitures terrasses divers bâtiments communaux,mapa,cmp2006,appeloffre,initial,Ville de Longwy,54400,Longwy,,"['Couverture', 'Terrasse']","[74, 354]",non,non
82,20-104726,2020-08-24,2020-09-24,['55'],Extension et réhabilitation du centre d'exploitation routière à Etain (DCE Téléchargeable gratuitement sur https://profilacheteur.meuse.fr),fns,cmp2006,appeloffre,initial,Conseil départemental de la Meuse,55012,Bar-Le-Duc,,"['Bardage', 'Carrelage', 'Electricité (travaux)', 'Gros oeuvre', 'Menuiserie', 'Peinture (travaux)', 'Plâtrerie', 'Plomberie (travaux)']","[30, 53, 105, 144, 222, 264, 269, 270]",non,non
83,20-104912,2020-08-24,2020-09-18,['55'],REHABILITATION TRAVERSE DES PAROCHES-.,fns,cmp2006,appeloffre,initial,COMMUNAUTE DE COMMUNES DU SAMMIELLOIS,55300,SAINT-MIHIEL,,"[""Ouvrage d'infrastructure""]",[253],non,non
84,20-104833,2020-08-24,2020-09-24,['56'],PRD - RD780 Echangeur Pont Marcellin- Kerblanquet - commune de SARZEAU,fns,cmp2006,attribution,initial,Département du Morbihan,56009,VANNES,"[('2020-08-24', 'COLAS CENTRE OUEST VANNES', (763989.16, 'EUR'), None)]","['Assainissement', 'Terrassement', 'Voirie', 'Voirie et réseaux divers']","[18, 341, 365, 366]",non,non
85,20-103987,2020-08-24,2020-09-21,['56'],"Fourniture, installation et maintenance d'un logiciel de recrutement",fns,cmp2006,appeloffre,initial,Ville de Lorient,56100,Lorient,,"['Informatique (matériel)', 'Informatique (prestations de services)', 'Logiciel']","[162, 163, 186]",non,non
86,20-104163,2020-08-24,2020-09-14,['56'],Prestations d'études géotechniques complémentaires g2pro,fns,cmp2006,appeloffre,initial,Ville de Lorient,56100,Lorient,,['Etude'],[118],non,non
87,20-105023,2020-08-24,2020-09-29,['56'],Restauration du mur d'enceinte du parc du Bunz - 56650 Inzinzac Lochrist,fns,cmp2006,appeloffre,initial,Lorient Agglomération,56314,Lorient cedex,,['Maçonnerie'],[195],non,non
88,20-104720,2020-08-24,2020-09-30,['57'],Mission légale de Commissariat aux comptes et de son suppléant pour la Chambre de Commerce et d'Industrie Moselle Métropole Metz,fns,cmp2006,appeloffre,initial,CCI57,57016,Metz cédex 1,,['Audit'],[21],non,non
89,20-105050,2020-08-24,2020-10-05,"['57', '67', '68', '54']",BITCHE (Moselle) - Quartier DRIANTRéhabilitation du bâtiment 0203,fns,cmp2006,appeloffre,initial,ESID de Metz,57044,Metz cedex 01,,"['Gros oeuvre', 'Plomberie (travaux)']","[144, 270]",oui,oui
90,20-104947,2020-08-24,2020-09-28,['57'],Fournitures de pièces et matériels divers pour réseaux et installations d'eau potable,fns,cmp2006,appeloffre,initial,COMMUNAUTE AGGLO PORTES DE FRANCE,57972,Yutz,,"['Alimentation en eau potable', 'Canalisations']","[6, 48]",non,non
91,20-105086,2020-08-24,2020-09-21,['58'],Fourniture et livraison d'une benne à ordures ménagères et d'un châssis adapté.Lot 1 - fourniture d'une benne a ordures ménagères de 12 m3 et de son basculeur Lot 2 - fourniture d&apo,fns,cmp2006,appeloffre,initial,ADN Nevers,58027,Nevers cedex,,['Benne'],[34],non,oui
92,20-104864,2020-08-24,2020-09-09,"['59', '62', '60', '2', '80']",Fourniture d'équipements pour la formation automobile pour les centres de formation de la Chambre de métiers et de l'artisanat Hauts-de-France,fns,cmp2006,appeloffre,initial,CMAR Hauts de France,59011,LILLE CEDEX,,"['Contrôle technique', 'Electromécanique', 'Equipements spécialisés', 'Véhicules']","[72, 107, 115, 359]",non,non
93,20-104935,2020-08-24,2020-09-11,"['62', '2', '1', '59', '80']",Remplacement du système d'appels malades Clinique le Ryonval,fns,cmp2006,appeloffre,initial,UGECAM Nord Pas de Calais - Picardie,59043,Lille cedex,,['Télécommunications'],[338],oui,oui
94,20-105026,2020-08-24,2020-09-22,['59'],Services de maintenance des plateaux sportifs de la Communauté d'agglomération du Caudrésis-Catésis (CA2C).,mapa,cmp2006,appeloffre,initial,COM DE COMMUNES DU CAUDRESIS CATESIS,59157,Beauvois-en-cambrésis,,['Aire de jeux'],[400],non,non
95,20-104943,2020-08-24,2020-09-24,['59'],réalisation d'un terrain synthétique sur le site de l'asptt rue de la longue chasse,fns,cmp2006,attribution,initial,Ville de Valenciennes,59304,Valenciennes Cedex,"[('2020-02-10', 'AVENIR JARDIN groupe TERENVI', (948562.03, 'EUR'), None)]",['Terrain de sport'],[342],non,non
96,20-104914,2020-08-24,2020-10-24,['59'],Réaménagement de locaux pour le CCAS à l'ancienne école Bizet,fns,cmp2006,attribution,initial,Ville de Dunkerque,59386,Dunkerque,,"['Electricité (travaux)', 'Gros oeuvre', 'Peinture (travaux)', 'Plomberie (travaux)', 'Amiante (désamiantage)']","[105, 144, 264, 270, 479]",non,non
97,20-104923,2020-08-24,2020-09-23,['59'],CONSTRUCTION D'UNE STATION D'EPURATION PAR FILTRES PLANTES DE ROSEAUX POUR LE CENTRE AERE DE LA VILLE DE GRANDE-SYNTHE - RELANCE SUITE A PROCEDURE DECLAREE SANS SUITE,fns,cmp2006,appeloffre,initial,Ville de Grande-Synthe,59760,Grande-Synthe,,"[""Station d'épuration (travaux)""]",[328],non,non
98,20-102719,2020-08-24,2020-09-28,"['59', '62', '80', '2', '60']",conception et hébergement éventuel d'un outil d'audit en agriculture,fns,cmp2006,appeloffre,initial,CHAMBRE REGIONALE AGRICULTURE HDF,59777,Lille,,['Logiciel'],[186],non,non
99,20-104891,2020-08-24,2020-09-24,['59'],RENOVATION DES SOLS SPORTIFS COMPLEXE TEDDY RINER,fns,cmp2006,attribution,initial,Ville de Lesquin,59810,Lesquin,"[('2020-07-31', 'SARL TITECA', (29828.2, 'EUR'), None), ('2020-07-30', 'SAS PIQUE ET FILS', (66517.93, 'EUR'), None), ('2020-07-31', 'PR3BI', (142777.98, 'EUR'), None)]",['Revêtements de sols'],[308],oui,non
100,20-104239,2020-08-24,2020-09-15,['60'],"fourniture, livraison et installation de matériels d'éducation physique et sportive pour l'équipement initial d'une salle de sport au collège public jehan le freron à crevecoeur le grand.",fns,cmp2006,appeloffre,initial,Département de l'Oise,60000,Beauvais,,['Equipement sportif'],[113],non,oui
101,20-104944,2020-08-24,2020-09-25,"['60', '2', '59', '27', '93', '95', '80', '92', '77']",Remplacement de l'appel-malade au bâtiment Ronce pour l'hôpital Paul DOUMER,fns,cmp2006,appeloffre,initial,ASSISTANCE PUBLIQUE HOPITAUX DE PARIS,60332,Liancourt cedex,,"['Alarme', 'Matériel médical', 'Télésurveillance']","[5, 212, 415]",non,non
102,20-104691,2020-08-24,2020-09-25,"['60', '2', '80']",Exploitation des installations thermiques et traitement des eaux de la piscine municipale.,fns,cmp2006,appeloffre,initial,Ville de Noyon,60400,Noyon,,"['Chauffage (exploitation, entretien)']",[59],non,non
103,20-104714,2020-08-24,2020-10-21,['60'],MOE Réhabilitation pluriannuelle de 8 réservoirs d'eau potable - OP1127,fns,cmp2006,appeloffre,initial,Communauté de communes du Clermontois,60600,Clermont,,"['Génie civil', ""Maîtrise d'oeuvre""]","[141, 197]",non,non
104,20-104701,2020-08-24,2020-10-24,['62'],TRAVAUX DIVERS SUR LE RESEAU D'EAUX PLUVIALES EN MILIEU URBAIN,fns,cmp2006,attribution,initial,CA DES DEUX BAIES EN MONTREUILLOIS,62170,MONTREUIL SUR MER,"[('2020-08-19', 'SADE CGTH', (500000, 'EUR'), None)]",['Voirie et réseaux divers'],[366],non,non
105,20-104851,2020-08-24,2020-09-28,['62'],Numéro de la consultation : 20PA36 ETUDE PRE-OPERATIONNELLE D'OPERATION PROGRAMMEE D'AMELIORATION DE L'HABITAT DE TYPE RENOUVELLEMENT URBAIN (OPAH-RU) POUR LES COMMUNES DE CARVIN ET HEN,fns,cmp2006,appeloffre,initial,COMMUNAUTE D AGL D HENIN CARVIN,62253,HENIN BEAUMONT CEDEX,,['Etude'],[118],non,non
106,20-104745,2020-08-24,2020-10-15,['62'],entretien et grosses réparations de la voirie,fns,cmp2006,appeloffre,initial,Commune de Sallaumines,62430,Sallaumines,,['Voirie'],[365],non,non
107,20-104741,2020-08-24,2020-09-15,['63'],Réaménagement du hall d'accueil de la pépinière d'entreprises Jean Claret,fns,cmp2006,appeloffre,initial,Clermont Auvergne Métropole,63007,CLERMONT-FERRAND,,['Plâtrerie'],[269],non,non
108,20-104780,2020-08-24,2020-09-14,['64'],Fourniture et mise en oeuvre d'un progiciel de gestion de la police municipale,fns,cmp2006,appeloffre,initial,Ville de Saint Jean de Luz,64502,Saint-Jean-de-Luz Cedex,,['Progiciel'],[283],non,non
109,20-105028,2020-08-24,2020-09-25,['65'],Acquisition de produits d'entretien.,mapa,cmp2006,appeloffre,initial,COM D AGGL TARBES LOURDES PYRENEES,65013,Tarbes cedex 9,,"[""Produits d'entretien""]",[278],non,non
110,20-104671,2020-08-24,2020-10-14,['66'],Restauration des chemins de ronde et des couverts des Remparts de la ville de VILLEFRANCHE DE CONFLENT (Monument classé/Patrimoine mondial UNESCO) - Mission DIAG et études complémentaires,mapa,cmp2006,appeloffre,initial,Communauté de Communes Conflent Canigo,66500,PRADES,,"[""Maîtrise d'oeuvre""]",[197],non,non
111,20-105052,2020-08-24,2020-11-15,"['67', '68']",La présente consultation concerne des prestations de fourniture et de pose de parois de protection du poste de conduite anti COVID 19 sur les véhicules de la SPL Compagnie des Transports du Bas-Rhi..,fns,cmp2006,appeloffre,initial,Société Publique Locale - Compagnie de,67000,Strasbourg,,"['Equipements spécialisés', 'Véhicules']","[115, 359]",non,non
112,20-104774,2020-08-24,2020-11-30,['67'],Travaux d'entretien du patrimoine arboré du P.A.S.,fns,cmp2006,attribution,initial,Port Autonome de Strasbourg,67002,STRASBOURG CEDEX,"[('2020-08-24', 'Sté Schott Elagage', (320000.0, 'EUR'), None)]",['Espaces verts'],[116],non,non
113,20-104797,2020-08-24,2020-10-16,"['67', '68', '57', '54', '88']",Travaux de remise à niveau technique et de remplacement du parc d'ascenseurs de la Délégation Alsace du CNRS,fns,cmp2006,appeloffre,initial,CNRS - Délégation Alsace,67037,Strasbourg cedex 02,,['Ascenseur'],[17],non,oui
114,20-103284,2020-08-24,2020-09-28,['68'],Travaux de remplacement du TGBT du site MMPA du GHRMSA,fns,cmp2006,appeloffre,initial,GHR Mulhouse Sud Alsace,68051,Mulhouse,,"['Câblage', 'Electricité (travaux)']","[47, 105]",non,non
115,20-105016,2020-08-24,2020-11-21,['68'],Travaux de remplacement complet d'une toiture métallique : bâtiment d'exploitation de la station d'épuration de Village Neuf,fns,cmp2006,attribution,initial,SAINT-LOUIS Agglomération,68305,Saint-Louis,,"[""Station d'épuration (travaux)""]",[328],non,non
116,20-104843,2020-08-24,2020-10-02,['69'],Fourniture de subsistances pour la collation des personnels,fns,cmp2006,appeloffre,initial,SCE DEP METROPOLITAIN INCENDIE SECOURS,69421,LYON Cedex 03,,['Denrées alimentaires'],[88],non,non
117,20-92347,2020-08-24,2020-09-21,['69'],"Mission d'assistance à maîtrise d'ouvrage relogement, tranche conditionnelle de la ZAC Terraillon à Bron",mapa,cmp2006,appeloffre,initial,Métropole de Lyon,69505,Lyon cedex 3,,"[""Assistance à maîtrise d'ouvrage""]",[433],non,non
118,20-104812,2020-08-24,2020-09-25,['69'],Mise en séparatif du système assainissement du Bourg de Pomeys,fns,cmp2006,appeloffre,initial,CC Monts du Lyonnais,69590,POMEYS,,"['Assainissement', 'Canalisations']","[18, 48]",non,non
119,20-104668,2020-08-24,2020-09-30,['69'],"Numéro de la consultation : 2020-BEB-0043 Maitrise d'oeuvre pour les travaux d'assainissement et d'eau potable de la commune de Belleville-en-Beaujolais pour 1 an, renouvelable 3 fois",fns,cmp2006,appeloffre,initial,Cté de Cnes Saône Beaujolais,69823,BELLEVILLE-EN-BEAUJOLAIS CEDEX,,"['Alimentation en eau potable', 'Assainissement']","[6, 18]",non,non
120,20-105042,2020-08-24,2020-09-20,['70'],Etude de suivi du tronçon reméandré du Bâtard,mapa,cmp2006,appeloffre,initial,COMMUNAUTE D AGGLOMERATION DE VESOUL,70007,Vesoul Cedex,,['Etude'],[118],non,non
121,20-104981,2020-08-24,2020-09-18,['71'],Prestations de transports de corps et pièces anatomiques pour les établissements membres du GHT de la Bourgogne Méridionale,fns,cmp2006,appeloffre,initial,CENTRE HOSPITALIER DE MACON,71018,Macon cedex,,['Transport'],[347],non,non
122,20-104902,2020-08-24,2020-09-24,['71'],Fourniture de tests de dépistage à caractère médical pour les établissements membres du GHT de la Bourgogne Méridionale,mapa,cmp2006,appeloffre,initial,CENTRE HOSPITALIER DE MACON,71018,Macon cedex,,['Consommables médicaux'],[69],non,oui
123,20-105104,2020-08-24,2020-09-21,['71'],"Mise en accessibilité PMR de l'immeuble rue Jean Bouvet et de la Maison des Adolescents à MACONLots no 3, 6 et 9",fns,cmp2006,appeloffre,initial,Conseil Général de Saône-et-Loire,71026,Mâcon cedex 9,,"[""Tous corps d'état""]",[345],non,non
124,20-105102,2020-08-24,2020-09-18,['72'],Acquisition et installation d'un système d'aération sur la lagune no1 de la station d'épuration de Trangé,mapa,cmp2006,appeloffre,initial,Le Mans Métropole - Communauté Urbaine,72039,Le Mans,,['Equipements spécialisés'],[115],non,non
125,20-105011,2020-08-24,2020-09-24,['73'],"Prestations de curage et inspection vidéo des réseaux d'eaux usées, et traitement des graisses des stations d'épuration de la Commune de Tignes",fns,cmp2006,appeloffre,initial,Service des Eaux,73322,TIGNES,,['Assainissement'],[18],non,non
126,20-104872,2020-08-24,2020-11-21,['73'],"RENOVATION DES CORDONS CHAUFFANTS DES CONDUITES INCENDIE DES TUNNELS D'AIGUEBELLE, DES HURTIERES ET DE LA TRANCHEE COUVERTE DE SAINT ETIENNE DE CUINES DE L'AUTOROUTE A43 MAURIENNE",fns,cmp2006,attribution,initial,SOC FRANCAISE TUNNEL ROUTIER DE FREJUS,73500,MODANE,"[('2020-03-25', 'CLEMESSY', (422557.5, 'EUR'), None)]",['Matériel électrique'],[203],non,non
127,20-105019,2020-08-24,2020-11-21,['74'],Marché de construction du siège de la CCVT et de la Maison de Services Au Public et de la Maison des Associations à Thônes,fns,cmp2006,attribution,initial,Cté de Cnes des Vallées de Thônes,74230,THÔNES,"[('2020-08-04', 'BEBER TP', (168887.87, 'EUR'), None), ('2020-08-04', 'BARRACHIN BTP', (958397.85, 'EUR'), None), ('2020-08-07', 'TOSCO entreprise', (470177.69, 'EUR'), None), ('2020-08-05', 'AMP ETANCHEITE', (58866.07, 'EUR'), None), ('2020-08-05', 'APM', (52373.09, 'EUR'), None), ('2020-08-04', 'ORONA RHONE ALPES', (24600, 'EUR'), None), ('2020-08-04', 'STE HELLE A & B', (419018, 'EUR'), None), ('2020-08-04', 'BARRACHIN BTP', (31843.7, 'EUR'), None)]","['Etanchéité', 'Gros oeuvre', 'Menuiserie', 'Peinture (travaux)', 'Terrassement']","[117, 144, 222, 264, 341]",non,non
128,20-104708,2020-08-24,2020-09-30,['62'],Réaménagement de deux niveaux dans l'aile Est de l'Hôtel Dubois de Fosseux de la chambre régionale des comptes (CRC) des Hauts de France,fns,cmp2006,appeloffre,initial,Cour des comptes,75001,Paris,,"['Gros oeuvre', 'Menuiserie', 'Peinture (travaux)', 'Plâtrerie', 'Plomberie (travaux)']","[144, 222, 264, 269, 270]",non,oui
129,20-105031,2020-08-24,2020-09-01,['75'],"Conception et suivi de la scénographie de l'exposition "" Marcel Proust "" (titre provisoire) organisée au musée Carnavalet du 28 septembre 2021 au 16 janvier 2022 (dates provisoires)",fns,cmp2006,appeloffre,rectificatif,PARIS MUSEES,75010,Paris,,['Décoration (travaux)'],[85],non,non
130,20-104793,2020-08-24,2020-09-21,['13'],Actualisation d'un serveur de calcul HPC (cluster existant) du laboratoire MSMP,fns,cmp2006,attribution,initial,Ecole National Sup. d'Arts et Métiers,75013,Paris,,['Machines-outils'],[194],non,non
131,20-104673,2020-08-24,2020-09-29,['75'],"Travaux de création d un espace vestiaires, d une salle de boxe et de locaux annexes au stade Suchet 25, avenue du Maréchal Franchet d Esperey PARIS 16ème - Relance des lots infructueux",fns,cmp2006,appeloffre,initial,Ville de Paris,75013,Paris,,['Equipement sportif'],[113],non,non
132,20-105048,2020-08-24,2020-09-17,"['78', '92', '94', '91']",Travaux de réaménagement des Parties Communes,fns,cmp2006,appeloffre,initial,CDC HABITAT,75013,Paris,,"['Electricité (travaux)', 'Peinture (travaux)', ""Tous corps d'état"", 'Amiante (désamiantage)']","[105, 264, 345, 479]",non,non
133,20-104938,2020-08-24,2020-10-26,['75'],"Travaux d'aménagement de voirie, d'espace vert et de pose de mobiliers urbains avenue Daumesnil à Paris 12ème arrondissement.",fns,cmp2006,attribution,initial,Ville de Paris,75013,Paris,,['Voirie'],[365],non,non
134,20-104963,2020-08-24,2020-09-24,['71'],Travaux d'entretien en Métallerie - Serrurerie - Vitrerie -,mapa,cmp2006,attribution,initial,Ecole National Sup. d'Arts et Métiers,75013,Paris,,"['Métallerie', 'Serrurerie', 'Vitrerie']","[223, 321, 363]",non,non
135,20-105113,2020-08-24,2020-10-31,['75'],"La présente consultation porte sur une mission d'assistance à maîtrise d'ouvrage acoustique et vibratoire, dans le cadre de l'opération Cité du théâtre en reconversion des Ateliers Bert",fns,cmp2006,appeloffre,initial,GIP CITE DU THEATRE,75017,Paris,,['Prestations de services'],[274],non,non
136,20-104827,2020-08-24,2020-10-10,['75'],"Le présent marché concerne la mission de maitrise d'oeuvre dans le cadre de l'opération de rénovation de la Galerie de l'Ourcq, dite Galerie Est/Ouest, du Parc de la Villette à Paris 19",mapa,cmp2006,appeloffre,rectificatif,EPPGHV,75019,Paris,,"[""Maîtrise d'oeuvre""]",[197],non,non
137,20-104648,2020-08-24,2020-09-15,['75'],PRESTATION DE SERVICE DE RELATIONS MEDIA PRESSE DU PALAIS DE TOKYO,joue,autre,rectificatif,rectificatif,PALAIS DE TOKYO,75116,Paris,,['Prestations de services'],[274],non,non
138,20-104980,2020-08-24,2020-09-21,['75'],L'objet du marché est la réalisation d'une étude prospective sur l'eau et l'agriculture dans le contexte du changement climatique en France.,mapa,cmp2006,appeloffre,initial,Ministère de l'agriculture,75349,Paris 07 sp,,['Etude'],[118],non,oui
139,20-104723,2020-08-24,2020-09-28,['75'],Accompagnement et appui du groupe de travail en charge de l'évaluation ex-post du Plan national de santé publique (PNSP),fns,cmp2006,appeloffre,initial,Ministère Santé,75350,Paris,,"[""Assistance à maîtrise d'ouvrage""]",[433],non,non
140,20-105033,2020-08-24,2020-09-28,['75'],Évaluation de l'Aide de la France au commerce (2009-2019).,fns,cmp2006,appeloffre,initial,Direction Générale du Trésor,75572,Paris cedex 12,,['Etude'],[118],non,non
141,20-104848,2020-08-24,2020-09-30,['75'],CRD Phase 5 - Aménagement de 2 ailes du 3ème étage du bâtiment Clinique Robert Debré pour y accueillir l'Hôpital de jour de la clinique médicale du développement à l'hôpital Necker - Enfants,fns,cmp2006,appeloffre,initial,GHU AP-HP.CENTRE - UNIVERSITE DE PARIS,75679,Paris cedex 14,,"['Electricité (travaux)', 'Maçonnerie', 'Peinture (travaux)', 'Plomberie (travaux)', 'Ventilation']","[105, 195, 264, 270, 360]",non,non
142,20-104760,2020-08-24,2020-10-09,['57'],"Travaux de création de 13 chambres supplémentaires au Pôle Hospitalier Gériatrique de CREUTZWALD, réhabilitation et mise aux normes du Bâtiment",fns,cmp2006,appeloffre,initial,CANSSM,75714,Paris cedex 15,,['Gros oeuvre'],[144],oui,oui
143,20-104788,2020-08-24,2020-10-02,"['38', '42']","Rénovation de la résidence d'Hébergement Temporaire Filieris "" La Pierre Percée "" da la Motte d'Aveillans",fns,cmp2006,appeloffre,initial,CANSSM,75714,Paris cedex 15,,['Bâtiment'],[33],oui,oui
144,20-105061,2020-08-24,2020-08-31,['75'],Marchés de travaux pour la réalisation d'ouvrages d'infrastructures et d'équipements sportifs provisoires (4 LOTS) au sein de la ZAC Gare des Mines - Fillettes à Paris 18ème,fns,cmp2006,attribution,initial,SPL Paris et Métropole aménagement,75927,Paris cedex 19,,"['Bâtiments modulaires', 'Eclairage public', 'Réseaux divers']","[27, 102, 306]",non,non
145,20-104753,2020-08-24,2020-09-16,['76'],TRAVAUX DE MAINTENANCE MECANIQUE ET HYDRAULIQUE SUR LES MOTEURS ET EQUIPEMENTS DES ENGINS DU SERVICE ACCES ET ENVIRONNEMENT MARITIME,fns,cmp2006,appeloffre,initial,GPMH au Havre,76067,Le havre cedex,,['Mécanique'],[221],non,non
146,20-104854,2020-08-24,2020-09-23,['76'],REFECTION DE LA COURSIVE AU 3EME ETAGE DE L'ECOLE GABRIELLE MERET - RELANCE LOT 3 - METALLERIE,fns,cmp2006,appeloffre,initial,COMMUNE DU PETIT QUEVILLY,76140,PETIT-QUEVILLY,,['Métallerie'],[223],non,non
147,20-104693,2020-08-24,2020-09-08,['76'],Travaux de réhabilitation du complexe sportif FERRY,fns,cmp2006,appeloffre,rectificatif,Mairie de Darnétal,76162,Darnétal,,"['Bardage', 'Gros oeuvre', 'Menuiserie', 'Peinture (travaux)']","[30, 144, 222, 264]",non,non
148,20-104869,2020-08-24,2020-09-14,['76'],Numéro de la consultation : 2020-12-13-14 Couverture et VRD de 2 terrains de tennis,fns,cmp2006,appeloffre,rectificatif,Commune d'Yvetot,76190,YVETOT,,['Couverture'],[74],non,non
149,20-104976,2020-08-24,2020-10-26,['76'],Bassin plaisance - pose d'une protection cathodique sur 43 pieux et réparation ponctuelle de 8 pieux,fns,cmp2006,attribution,initial,Regie Dieppoise Activites Portuaires,76201,Dieppe cédex,"[('2020-08-21', 'ROMOEUF', (39767, 'EUR'), None)]","['Ouvrage métallique', 'Travaux sous-marins', 'Ingénierie']","[254, 351, 455]",non,non
150,20-104911,2020-08-24,2020-08-31,"['76', '27']","marché public de prestations intellectuelles - diagnostic, zonage et schéma directeur du système d'assainissement",fns,cmp2006,appeloffre,rectificatif,SIAEPA Les 3 Sources,76680,Saint-Martin-Osmonville,,"['Assainissement', 'Etude']","[18, 118]",non,non
151,20-105093,2020-08-24,2020-09-25,['76'],Concession de la restauration,fns,cmp2006,attribution,initial,BTP CFA HAUTE NORMANDIE,76800,SAINT ETIENNE DU ROUVRAY,[],['Restauration collective'],[66],non,non
152,20-104994,2020-08-24,2020-09-17,['77'],Vérifications périodiques et ponctuelles des installations électriques des bâtiments communaux,fns,cmp2006,appeloffre,initial,Ville de Dammarie-Lès-Lys,77190,Dammarie lès lys,,['Contrôle technique'],[72],non,non
153,20-104846,2020-08-24,2020-10-24,"['78', '95', '92', '75']",Lot no1 : accompagnement dans la rédaction et mise en oeuvre du projet scientifique et culturel de la Maison de l'eau : Lot no2 : accompagnement des classes d'eau Lot no3 : animation de l&,fns,cmp2006,appeloffre,initial,SIARH,78300,Poissy,,['Prestations de services'],[274],non,non
154,20-104731,2020-08-24,2020-09-17,['78'],Prestations de détection et géoréférencement des infrastructures de réseaux pour la ville de Maisons-Laffitte.,fns,cmp2006,appeloffre,initial,COMMUNE DE MAISONS LAFFITTE,78600,Maisons laffitte,,"['Etude', 'Prestations de services']","[118, 274]",non,non
155,20-105002,2020-08-24,2020-09-16,['78'],Relance des lots 3 et 5 du marché public de travaux de restauration des façades de l'église Saint-Martin Saint-Maurice pour la commune de MILLEMONT (78),mapa,cmp2006,appeloffre,initial,COMMUNE DE MILLEMONT,78940,MILLEMONT,,"[""Tous corps d'état""]",[345],non,non
156,20-104870,2020-08-24,2020-09-03,['83'],Accord cadre ayant pour objet l'assistance au développement et conduite de projet de dématérialisation de nos processus,fns,cmp2006,appeloffre,rectificatif,Conseil Général du Var,83000,TOULON,,['Informatique (prestations de services)'],[163],non,non
157,20-104930,2020-08-24,2020-09-18,['84'],rénovation et mise en conformité des systèmes de traitement d'air et de chauffage/rafraîchissement du restaurant d'entreprise de la cpam de vaucluse,fns,cmp2006,appeloffre,initial,CPAM du Vaucluse,84043,Avignon Cedex 9,,"['Chauffage (travaux)', 'Climatisation']","[61, 62]",non,non
158,20-104953,2020-08-24,2020-09-25,['84'],Fourniture et livraison de véhicules neufs pour la police municipale,mapa,cmp2006,appeloffre,rectificatif,COMMUNE DU PONTET,84134,Le Pontet cedex,,['Véhicules (acquisition)'],[475],non,non
159,20-104983,2020-08-24,2020-09-23,['84'],20-09 Approvisionnement en carburant des véhicules de la Communauté de communes Pays des Sorgues Monts de Vaucluse par le biais de cartes accréditives et services associés,fns,cmp2006,appeloffre,initial,CC Pays des Sorgues Monts de Vaucluse,84800,L'Isle sur la Sorgue,,"['Carburant, hydrocarbure']",[52],non,non
160,20-104821,2020-08-24,2020-09-25,['84'],Travaux de réfections de toitures,fns,cmp2006,appeloffre,initial,CENTRE HOSPITALIER D AVIGNON,84902,Avignon cedex 9,,['Etanchéité'],[117],non,non
161,20-104815,2020-08-24,2020-09-25,['84'],Bâtiment de l'Unité Mère Enfant - Réparations des bétons : façades et acrotères,fns,cmp2006,appeloffre,initial,CENTRE HOSPITALIER D AVIGNON,84902,Avignon cedex 9,,['Gros oeuvre'],[144],non,non
162,20-36756,2020-08-24,2020-09-24,['85'],étude de programmation urbaine du site la garenne,fns,cmp2006,appeloffre,initial,VILLE DE LA ROCHE SUR YON,85021,La Roche Sur Yon Cedex,,"['Etude', 'Ingénierie']","[118, 455]",non,non
163,20-104966,2020-08-24,2020-10-31,['85'],"Travaux de remplacement de menuiseries au CHD Vendée - Sites de Luçon, Montaigu et La Roche sur Yon",fns,cmp2006,appeloffre,initial,CHD VENDEE,85925,La roche sur yon cedex 9,,['Menuiserie'],[222],non,non
164,20-104995,2020-08-24,2020-10-22,"['86', '79']",Aménagement d'un lieu de vie étudiants,fns,cmp2006,appeloffre,initial,UNiversité de Poitiers,86000,Poitiers cedex 9,,"['Electricité (travaux)', 'Gros oeuvre', 'Menuiserie', 'Peinture (travaux)', 'Plomberie (travaux)']","[105, 144, 222, 264, 270]",oui,oui
165,20-105008,2020-08-24,2020-09-24,"['86', '16']","Déconstruction d'une usine de lithographie (site LITHO-BRU) sis au 21 et 29, rue Plumejeau et d'un hangar de stockage sis au 12, rue Camille Godard à Cognac (16 100)",fns,cmp2006,appeloffre,initial,EPF de Nouvelle Aquitaine,86011,Poitiers,,"['Démolition', 'Mur de soutènement', 'Protection, chutes de pierres', 'Amiante (diagnostic)']","[87, 233, 288, 431]",non,non
166,20-104747,2020-08-24,2020-09-15,['87'],Achat de matériel électroportatif sur batteries,mapa,cmp2006,appeloffre,initial,Conseil Départemental Haute-Vienne,87031,Limoges cedex 1,,"['Matériel agricole, horticole']",[200],non,non
167,20-104739,2020-08-24,2020-09-21,['87'],réparations localisées des chaussées par projection de granulats enrobés à l'émulsion de bitume sur le réseau routier départemental,fns,cmp2006,appeloffre,initial,Conseil Départemental Haute-Vienne,87031,Limoges cedex 1,,['Voirie'],[365],non,non
168,20-104728,2020-08-24,2020-09-10,['90'],assistance à maîtrise d'ouvrage pour le désamiantage et la déconstruction de 7 bâtiments départementaux désaffectés,mapa,cmp2006,appeloffre,initial,DEPARTEMENT DU TERRITOIRE DE BELFORT,90020,Belfort cedex,,"[""Assistance à maîtrise d'ouvrage""]",[433],non,non
169,20-104733,2020-08-24,2020-09-04,['91'],"Fourniture, fabrication, pré-installation de la signalétique du domaine de Méréville.Description des prestations : Le besoin correspond à une signalétique extérieure en tôle de métal avec finition..",fns,cmp2006,appeloffre,rectificatif,Conseil général de l'Essonne,91012,Evry cedex,,['Signalétique'],[333],non,non
170,20-105109,2020-08-24,2020-11-18,['91'],"Les travaux d'aménagement, de réparation, d'entretien et de création de voiries réseaux divers (VRD) sur la commune de Lisses.",fns,cmp2006,appeloffre,initial,COMMUNE DE LISSES,91090,Lisses,,['Voirie et réseaux divers'],[366],non,oui
171,20-104813,2020-08-24,2020-09-30,['92'],"La fourniture de produits de désinfection, de stérilisation et de fournitures médicales diverses pour les services municipaux, notamment pour les structures de la petite enfance, pour le Centre Méd..",fns,cmp2006,appeloffre,initial,Ville d'Asnières-sur-Seine,92600,Asnières sur seine,,['Consommables médicaux'],[69],non,non
172,20-104920,2020-08-24,2020-09-14,"['93', '60', '59', '94', '95']",Fourniture et livraison de colis festifs pour les séniors et les personnes isolées de la ville de bobigny au titre de l'exercice 2020,mapa,cmp2006,appeloffre,initial,CENTRE COMMUNAL D ACTION SOCIALE,93000,bobigny,,"['Colis', 'Denrées alimentaires']","[65, 88]",non,non
173,20-34327,2020-08-24,2020-09-28,"['75', '93', '94', '92', '77', '78']",entretien et distribution du linge des résidentsentretien et rangement des tenues professionnellesinterface avec la société de traçage du linge,mapa,cmp2006,appeloffre,initial,EHPAD Constance Mazier,93300,Aubervilliers,,['Blanchisserie (matériel)'],[37],oui,oui
174,20-104769,2020-08-24,2020-09-11,['94'],HABITAT - PARIS TERRES D'ENVOL (93)EVALUATION DE L'OPERATION PROGRAMMEE D'AMELIORATION DE L'HABITAT 'COPROPRIETE DEGRADEE' JEAN PERRIN,fns,cmp2006,appeloffre,initial,PARIS TERRES D'ENVOL,93601,Aulnay sous bois cedex,,['Etude'],[118],non,non
175,20-105009,2020-08-24,2020-09-18,['93'],DECHETS MENAGERS ET ASSIMILES DE PARIS TERRES D'ENVOL (93)INTERVENTIONS PEDAGOGIQUES SUR LA PREVENTION ET LE TRI DES DECHETS EN MILIEU SCOLAIRE,fns,cmp2006,appeloffre,initial,PARIS TERRES D'ENVOL,93601,Aulnay sous bois cedex,,['Etude'],[118],non,non
176,20-104951,2020-08-24,2020-09-14,['93'],RENOVATION URBAINE - PARIS TERRES D'ENVOL (93) ETUDE TECHNIQUE (STRUCTURE/AMIANTE/RESEAUX) DE L'ENSEMBLE IMMOBILIER MANDELA - SECTEUR NOUVELLES BEAUDOTTES / MANDELA NPNRU SEVRAN,mapa,cmp2006,appeloffre,initial,PARIS TERRES D'ENVOL,93601,Aulnay sous bois cedex,,['Etude'],[118],non,non
177,20-104824,2020-08-24,2020-09-15,"['94', '75']","Étude juridique, technique et financière dans le cadre d'une opération de cession foncière, et accompagnement des Hôpitaux de Saint-Maurice dans la réalisation de cette vente",fns,cmp2006,appeloffre,initial,HOPITAUX DE SAINT-MAURICE,94410,Saint-maurice,,['Prestations de services'],[274],non,non
178,20-104756,2020-08-24,2020-09-24,['94'],Sécurisation du parking souterrain du bâtiment 034 à la caserne de maisons-alfort,mapa,cmp2006,attribution,initial,COMSOPGN - COSIL,94700,Maisons-alfort,,"['Menuiserie', ""Tous corps d'état""]","[222, 345]",non,non
179,20-104950,2020-08-24,2020-09-15,['95'],20SA15-Location de véhicules utilitaires pour les besoins du service gestion des déchets,fns,cmp2006,appeloffre,initial,CACP,95027,Cergy-Pontoise,,['Déchets non ménagers (prestations)'],[404],non,non
180,20-104903,2020-08-24,2020-10-24,['95'],Location de deux cars sans chauffeur pour la commune d'Osny,fns,cmp2006,attribution,initial,COMMUNE DE OSNY,95520,Osny,,"['Maintenance', 'Véhicules (location)']","[196, 474]",non,non
181,20-105020,2020-08-24,2020-10-24,['95'],Mission d'assistance à la gestion autonome de la Taxe Locale sur la Publicité Extérieure (T.L.P.E.),mapa,cmp2006,attribution,initial,COMMUNE DE OSNY,95520,Osny,,"['Publicité, Communication']",[285],non,non
182,20-105044,2020-08-24,2020-10-24,['95'],"Mission d'ordonnancement, pilotage et coordination (OPC) pour la construction d'une école élémentaire, d'une salle multi activités, d'un centre de loisirs et de l'extension d&",fns,cmp2006,attribution,initial,COMMUNE DE OSNY,95520,Osny,,"[""Assistance à maîtrise d'ouvrage""]",[433],non,non
183,20-104990,2020-08-24,2020-10-24,['95'],Mission de maîtrise d'oeuvre pour les travaux de restauration du Château de Grouchy,fns,cmp2006,attribution,initial,COMMUNE DE OSNY,95520,Osny,,"[""Assistance à maîtrise d'ouvrage""]",[433],non,non
184,20-104844,2020-08-24,2020-09-20,['95'],"Marché à bons de commande pour des missions de maitrise d'oeuvre, d'études et de conseils pour le compte du SIAEP de Montsoult",fns,cmp2006,appeloffre,rectificatif,SIAEP DE MONTSOULT,95560,MONTSOULT,,"[""Maîtrise d'oeuvre""]",[197],non,non
185,20-105117,2020-08-24,2020-09-14,['972'],Travaux de réfection du canal bétonné de Laugier sur le territoire de la commune de rivière-salée - tranche 2020,fns,cmp2006,appeloffre,rectificatif,Commune de Rivière-Salée,97215,Rivière-Salée,,['Mur de soutènement'],[233],non,non
186,20-105118,2020-08-24,2020-09-08,['972'],travaux de réhabilitation du hall de basket de petit-bourg (rectificatif),fns,cmp2006,appeloffre,rectificatif,Commune de Rivière-Salée,97215,Rivière-Salée,,"['Charpente', 'Couverture', 'Eclairage public', 'Equipement sportif']","[57, 74, 102, 113]",non,non
187,20-104189,2020-08-24,2020-09-10,['972'],Travaux de réparation de chéneaux et pannes sur deux bâtiments communaux,mapa,cmp2006,appeloffre,initial,Commune de Rivière-Salée,97215,Rivière-Salée,,"['Charpente', 'Etanchéité']","[57, 117]",non,non
188,20-105076,2020-08-24,2020-09-24,['972'],accord cadre à bons de commande mono-attributaire relatiff à l'acquisition et la livraison de fournitures administratives et bureautiques pour le compte de la caesm,fns,cmp2006,appeloffre,initial,Communauté d'Agglomération Espace Sud,97228,Sainte-Luce,,"['Consommables informatiques', 'Matériel de bureau', 'Papeterie']","[68, 207, 262]",non,non
189,20-105047,2020-08-24,2020-08-31,['972'],captation et diffusion des conseils municipaux,fns,cmp2006,attribution,initial,Ville du Lamentin,97232,Le Lamentin Martinique,"[('2020-08-20', 'ADTMC/KMT(Association pour le Développement des Techniques Modernes de Communication)', (60000, 'EUR'), None)]","['Prestations de services', 'Télévision']","[274, 340]",non,non
190,20-103512,2020-08-24,2020-09-14,['972'],"AMO procédure de mise en valeur des terres incultes ou manifestement sous exploitées dans les communes du prêcheur, du morne-rouge et de rivière-salée- 2nde Consultation",fns,cmp2006,appeloffre,initial,COLLECTIVITE TERRITORIALE MARTINIQUE,97261,Fort-de-France,,"[""Assistance à maîtrise d'ouvrage""]",[433],non,non
191,20-105110,2020-08-24,2020-09-14,['973'],La Construction de la Maison Territoriale de la Solidarité à Matoury - Lot Terrassements,fns,cmp2006,appeloffre,initial,COLLECTIVITE TERRITORIALE DE GUYANE,97307,CAYENNE,,['Terrassement'],[341],non,non
192,20-104982,2020-08-24,2020-09-04,['973'],etude geotechnique de type g2 avp et g2 pro (rectificatif),mapa,cmp2006,appeloffre,rectificatif,COMMUNE DE CAMOPI,97330,CAMOPI,,['Etude'],[118],non,non
193,20-104895,2020-08-24,2020-09-14,"['976', '974']",Location et maintenance de copieurs et d'imprimantes multifonctions pour le Service Administratif et Technique de la Police Nationale de Mayotte (SATPN).,mapa,cmp2006,appeloffre,initial,SGAP 976,97610,Dzaoudzi,,['Consommables informatiques'],[68],non,non
